0.00053 0.000426
0.00032 0.000317
0.000495 0.000502
0.000684 0.000696
0.000882 0.000912
0.001047 0.001062
0.001243 0.001252
0.001436 0.001463
0.001638 0.001667
0.001874 0.001799
0.001979 0.00191
0.002031 0.001983
0.002104 0.002084
0.002139 0.002105
0.002201 0.0022
0.002325 0.00236
0.002475 0.002446
0.002575 0.002607
0.002742 0.002712
0.002821 0.002845
0.00297 0.003019
0.003143 0.003168
0.003297 0.003326
0.003456 0.003486
0.003628 0.003653
0.003778 0.003808
0.003944 0.003966
0.004097 0.00413
0.004261 0.004294
0.00443 0.004459
0.004621 0.004634
0.00477 0.00479
0.004909 0.004959
0.005095 0.005126
0.005267 0.0053
0.005407 0.005462
0.005575 0.005626
0.005769 0.005789
0.005924 0.005963
0.006081 0.006176
0.006285 0.006316
0.006425 0.006483
0.006603 0.006643
0.006789 0.006835
0.006945 0.006994
0.007137 0.007166
0.007301 0.007334
0.007456 0.007523
0.007628 0.007686
0.007822 0.007854
0.007966 0.008013
0.008141 0.008196
0.008343 0.008353
0.008503 0.008549
0.008649 0.008709
0.008817 0.008885
0.009019 0.009066
0.009186 0.009244
0.032534 0.015379
0.010368 0.009573
0.009703 0.00976
0.00986 0.009977
0.010045 0.010121
0.010216 0.010286
0.01041 0.010461
0.010569 0.010652
0.010744 0.010817
0.010931 0.011017
0.01109 0.0112
0.011282 0.011375
0.011455 0.011523
0.01161 0.011742
0.011802 0.011927
0.012002 0.012091
0.012151 0.012264
0.012364 0.01244
0.012553 0.012626
0.012721 0.013158
0.012879 0.012964
0.01308 0.013169
0.013221 0.013399
0.013443 0.013534
0.013592 0.013906
0.013832 0.013931
0.013953 0.014139
0.014151 0.014258
0.014315 0.014439
0.014487 0.014647
0.014706 0.01481
0.014865 0.014998
0.015038 0.015177
0.015204 0.015353
0.015392 0.01558
0.015592 0.015711
0.015827 0.015947
0.015984 0.016098
0.016168 0.016278
0.0163 0.016448
0.016536 0.016655
0.016642 0.016878
0.016892 0.017035
0.017089 0.017401
0.017288 0.017392
0.017384 0.017557
0.017549 0.017782
0.017759 0.018018
0.018002 0.018116
0.018129 0.018312
0.018304 0.018519
0.018526 0.018659
0.018688 0.018848
0.018827 0.01906
0.019058 0.019219
0.019238 0.01941
0.019454 0.019655
0.01959 0.019821
0.019759 0.019968
0.019927 0.020285
0.020229 0.020341
0.020324 0.020561
0.02054 0.020723
0.020677 0.020954
0.020885 0.021153
0.021024 0.021293
0.021229 0.021477
0.021403 0.021757
0.021606 0.021906
0.021785 0.022051
0.022002 0.022256
0.022199 0.022423
0.022367 0.022664
0.022622 0.022963
0.022726 0.023011
0.022909 0.023205
0.023033 0.023397
0.023461 0.023615
0.023446 0.02383
0.023731 0.02396
0.023828 0.024152
0.024017 0.02437
0.024296 0.024533
0.024451 0.024779
0.024574 0.024962
0.024907 0.025246
0.024984 0.025318
0.025176 0.025498
0.025404 0.025715
0.025524 0.025926
0.025709 0.026087
0.025945 0.026267
0.026106 0.026466
0.026343 0.026717
0.026497 0.026888
0.026663 0.027023
0.026954 0.02725
0.027233 0.027456
0.027248 0.027659
0.027469 0.027837
0.027595 0.028025
0.02779 0.028262
0.027977 0.028516
0.028228 0.028668
0.028392 0.028873
0.028763 0.029071
0.028775 0.029224
0.029022 0.029635
0.02912 0.029699
0.02939 0.029913
0.029509 0.030231
0.029742 0.030255
0.029857 0.030483
0.030095 0.030595
0.030252 0.030779
0.030461 0.030997
0.030664 0.031197
0.030997 0.031432
0.031137 0.031565
0.031242 0.031708
0.031401 0.031929
0.031597 0.032302
0.031829 0.032363
0.031995 0.032582
0.032183 0.032804
0.032382 0.032971
0.032667 0.033263
0.032785 0.033356
0.033408 0.033569
0.03314 0.033754
0.033349 0.033981
0.033478 0.034139
0.033754 0.034388
0.033925 0.034628
0.034199 0.034719
0.034329 0.034994
0.034566 0.035159
0.034673 0.035362
0.034943 0.035514
0.035054 0.035798
0.03527 0.036021
0.035543 0.036159
